1.707756		4.6016E-04
1.787756		4.0489E-04
1.867756		3.6961E-04	
1.947756		2.9799E-04
0.027756		2.1867E-04
0.107756		2.8630E-04				
0.187756		0.0015				
0.267756		0.0012				
0.347756		6.4019E-04				
0.427756		3.6025E-04				
0.507756		4.2142E-04				
0.587756		4.4044E-04
0.667756		3.6961E-04				
0.747756		3.3059E-04				
0.827756		3.0254E-04				
0.907756		2.6136E-04				
0.987756		2.0245E-04				
1.067756		1.1688E-04				
1.147756		0.0012
1.227756		9.7441E-04				
1.307756		6.3483E-04				
1.387756		2.7411E-04			
1.467756		4.6460E-04				
1.547756		4.7478E-04				
1.627756		4.8895E-04				
				


