1.984764		0.0022
0.064764		0.0013
0.144764		0.0012
0.224764		7.2051E-04
0.304764		3.6025E-04
0.384764		4.1324E-04
0.464764		4.3733E-04	
0.544764		4.4507E-04
0.624764		4.5268E-04	
0.704764		4.5868E-04
0.784764		3.5065E-04	
0.864764		3.2009E-04	
0.944764		0.0037
1.024764		0.0021
1.104764		0.0011
1.184764		4.2945E-04	
1.264764		4.1324E-04
1.344764		3.6025E-04
1.424764		2.0245E-04
1.504764		3.5065E-04
1.584764		2.7161E-04
1.664764		4.4354E-04
1.744764		4.8755E-04
1.824764		2.2784E-04
1.904764		1.1688E-04		



