0.018670	3.4673E-04
0.098670	5.2141e-04
0.178670	6.0734E-04
0.258670	5.0948E-04
0.338670	4.4507E-04
0.418670	3.9637E-04
0.498670	3.6776e-04
0.578670	2.8630E-04
0.658670	2.1867E-04
0.738670	1.7336E-04
0.818670	1.3830E-04
0.898670	1.2259E-04
0.978670	1.0454E-04
1.058670	9.0536e-05
1.138670	7.3923E-05
1.218670	2.1867E-04
1.298670	2.7411E-04
1.378670	3.4276E-04
1.458670	3.5066E-04	
1.538670	3.7693E-04
1.618670	3.0294e-04	
1.698670	2.9799e-04
1.778670	2.4794E-04
1.858670	6.4019E-05
1.938670	8.2648E-05


