0.026648		1.1688E-04
0.106648		0.0022
0.186648		0.0013
0.266648		0.0012
0.346648		7.2051E-04
0.426648		3.6025E-04
0.506648		4.1324E-04
0.586648		4.3733E-04	
0.666648		4.4507E-04
0.746648		4.5268E-04	
0.826648		4.5868E-04
0.904764		3.5065E-04	
0.986648		3.2009E-04	
1.066648		0.0037
1.146648		0.0021
1.226648		0.0011
1.306648		4.2945E-04	
1.386648		4.1324E-04
1.466648		3.6025E-04
1.546648		2.0245E-04
1.626648		3.5065E-04
1.706648		2.7161E-04
1.786648		4.4354E-04
1.866648		4.8755E-04
1.946648		2.2784E-04

