0.416897	5.9138E-04	1.984764		1.6530E-04	1.707756		4.6016E-04	1.984764		0.0022		1.513850		5.0948E-04	0.594182			5.5071E-04	0.112188			0.0038		0.450138			5.3562E-04		
0.496897	5.3562E-04	0.064764		1.5681E-04	1.787756		4.0489E-04	0.064764		0.0013		1.593850		4.2142E-04	0.674182			5.4196E-04	0.192188			0.0025		0.530138			5.2009E-04
0.576897	4.8192E-04	0.144764		0.0013		1.867756		3.6961E-04	0.144764		0.0012		1.673850		4.0489E-04	0.754182			5.3562E-04	0.272188			0.0017		0.610138			5.1082E-04
0.656897	3.8765E-04	0.224764		9.8833E-04	1.947756		2.9799E-04	0.224764		7.2051E-04	1.753850		3.8765E-04	0.834182			4.9589E-04	0.352188			0.0012		0.690138			7.8407E-04
0.736897	3.2009E-04	0.304764		7.5296E-04	0.027756		2.1867E-04	0.304764		3.6025E-04	1.823850		3.7874E-04	0.913850			4.0489E-04	0.432188			6.5600E-04	0.770138			7.1096E-04		
0.816897	2.8603E-04	0.384764		6.7144E-04	0.107756		2.8630E-04	0.384764		4.1324E-04	1.903850		3.6961E-04	0.994182			2.8868E-04	0.512188			6.6118E-04	0.850138			6.6325E-04
0.896897	1.6503E-04	0.464764		6.7650E-04	0.187756		0.0015		0.464764		4.3733E-04	1.983850		3.5835E-04	1.074182			2.9799E-04	0.592188			6.4019E-04	0.930138			6.4042E-04
0.976897	1.8481E-04	0.544764		5.1614E-04	0.267756		0.0012		0.544764		4.4507E-04	0.073850		0.0034		1.154182			3.3059E-04	0.672188			6.1293E-04	1.010138			6.2943E-04
1.056897	1.6938E-04	0.624764		4.2142E-04	0.347756		6.4019E-04	0.624764		4.5268E-04	0.153850		0.0021		1.234182			0.0013		0.752188			5.9598E-04	1.090138			0.0020	
1.136897	7.5387E-04	0.704764		3.6961E-04	0.427756		3.6025E-04	0.704764		4.5868E-04	0.233850		0.0013		1.314182			6.3912E-04	0.832188			6.6428E-04	1.170138			9.0536E-04	
1.216897	8.2648E-04	0.784764		3.3059E-04	0.507756		4.2142E-04	0.784764		3.5065E-04	0.313850		8.2648E-04	1.394182			4.9589E-04	0.912188			5.4822E-04	1.250138			9.7790E-04
1.296897	6.5077E-04	0.864764		2.8632E-04	0.587756		4.4044E-04	0.864764		3.2009E-04	0.393850		5.2271E-04	1.474182			4.4199E-04	0.992188			5.2271E-04	1.330138			8.6839E-04
1.376897	5.3562E-04	0.944764		2.0245E-04	0.667756		3.6961E-04	0.944764		0.0037		0.473850		4.1424E-04	1.554182			4.5419E-04	1.072188			0.0052		1.410138			5.9022E-04
1.456897	4.9589E-04	1.024764		1.6530E-04	0.747756		3.3059E-04	1.024764		0.0021		0.553850		4.3420E-04	1.634182			6.7144E-04	1.152188			0.0033		1.490138			5.9598E-04
1.536897	4.3733E-04	1.104764		0.0014		0.827756		3.0254E-04	1.104764		0.0011		0.633850		4.4354E-04	1.714182			6.6633E-04	1.232188			0.0023		1.570138			7.5748E-04
1.616897	3.0924E-04	1.184764		0.0011		0.907756		2.6136E-04	1.184764		4.2945E-04	0.713850		4.5569E-04	1.794182			6.5077E-04	1.312188			0.0013		1.650138			7.3923E-04
1.696897	2.6653E-04	1.264764		6.4019E-04	0.987756		2.0245E-04	1.264764		4.1324E-04	0.793850		4.6606E-04	1.874182			6.2943E-04	1.392188			6.5287E-04	1.730138			8.8244E-04
1.776897	2.8391E-04	1.344764		6.5077E-04	1.067756		1.1688E-04	1.344764		3.6025E-04	0.873850		4.7478E-04	1.954182			2.0245E-04	1.472188			6.6222E-04	1.810138			8.2648E-04
1.856897	2.9799E-04	1.424764		6.7144E-04	1.147756		0.0012		1.424764		2.0245E-04	0.953850		3.4673E-04	0.034182			0.0036		1.552188			5.8441E-04	1.890138			8.4285E-04
1.936897	3.1795E-04	1.504764		6.5600E-04	1.227756		9.7441E-04	1.504764		3.5065E-04	1.033850		1.1688E-04	0.114182			0.0038		1.632188			6.7144E-04	1.970138			5.0948E-04
0.016897	1.1688E-04	1.584764		5.4822E-04	1.307756		6.3483E-04	1.584764		2.7161E-04	1.113850		0.0038		0.194182			0.0033		1.712188			6.8453E-04	0.050138			3.7874E-04
0.096897	5.8580E-04	1.664764		4.0753E-04	1.387756		2.7411E-04	1.664764		4.4354E-04	1.193850		0.0018		0.278182			0.0020		1.792188			6.9247E-04	0.130138			0.0069
0.176897	9.6383E-04	1.744764		3.6961E-04	1.467756		4.6460E-04	1.744764		4.8755E-04	1.273850		9.2033E-04	0.354182			4.6753E-04	1.872188			6.9640E-04	0.210138			6.9148E-04
0.256897	5.2140E-04	1.824764		3.0924E-04	1.547756		4.7478E-04	1.824764		2.2784E-04	1.343850		4.9589E-04	0.434182			5.2271E-04	1.952188			7.0032E-04	0.290138			7.3923E-04
0.336897	6.6118E-04	1.904764		2.7411E-04	1.627756		4.8895E-04	1.904764		1.1688E-04	1.423850		4.3733E-04	0.514182			5.4822E-04	0.032188			4.0489E-04	0.370138			7.8407E-04
				


