0.073850		0.0034
0.153850		0.0021
0.233850		0.0013
0.313850		8.2648E-04
0.393850		5.2271E-04
0.473850		4.13241E-04
0.553850		4.3420E-04
0.633850		4.4354E-04	
0.713850		4.5569E-04
0.793850		4.6606E-04
0.873850		4.7478E-04
0.953850		3.4673E-04
1.033850		1.1688E-04
1.113850		0.0038
1.193850		0.0018
1.273850		9.2033E-04
1.343850		4.9589E-04
1.423850		4.3733E-04
1.503850		5.0948E-04
1.583850		4.2142E-04	
1.663850		4.0489E-04
1.743850		3.8765E-04
1.823850		3.7874E-04
1.903850		3.6961E-04
1.983850		3.5835E-04
