0.034182			0.0036
0.114182			0.0038
0.194182			0.0033
0.278182			0.0020
0.354182			4.6753E-04
0.434182			5.2271E-04
0.514182			5.4822E-04		
0.594182			5.5071E-04
0.674182			5.4196E-04		
0.754182			5.3562E-04
0.834182			4.9589E-04	
0.913850			4.0489E-04
0.994182			2.8868E-04
1.074182			2.9799E-04
1.154182			3.3059E-04
1.234182			0.0013
1.314182			6.3912E-04
1.394182			4.9589E-04
1.474182			4.4199E-04	
1.554182			4.5419E-04	
1.634182			6.7144E-04	
1.714182			6.6633E-04	
1.794182			6.5077E-04
1.874182			6.2943E-04
1.954182			2.0245E-04
