0.016897	1.1688E-04	0.018670	5.2271E-05	0.064764		1.5681E-04	0.027756		6.4019E-05	0.026648		4.3733E-05	0.073850		5.2271E-05	0.034182			4.6165E-05	0.032188			4.8192E-05	0.050138	3.8765E-05
0.096897	5.8580E-04	0.098670	4.3733E-05	0.144764		0.0013		0.107756		0.0020		0.106648		0.0022		0.153850		0.0016		0.114182			0.0037		0.112188			0.0045		0.130138	0.0078
0.176897	9.6383E-04	0.178670	7.1096E-04	0.224764		9.8833E-04	0.187756		0.0015		0.186648		0.0013		0.233850		0.0013		0.194182			0.0031		0.192188			0.0024		0.210138	0.0020
0.256897	5.2140E-04	0.258670	5.0948E-04	0.304764		7.5296E-04	0.267756		0.0012		0.266648		0.0012		0.313850		8.5890E-04	0.278182			0.0019		0.272188			0.0014		0.290138	0.0012
0.336897	6.6118E-04	0.338670	4.4507E-04	0.384764		6.7144E-04	0.347756		8.0978E-04	0.346648		6.6633E-04	0.393850		5.7260E-04	0.354182			0.0010		0.352188			0.0012		0.370138	0.0013
0.416897	5.2921E-04	0.418670	3.9637E-04	0.464764		6.7650E-04	0.427756		6.1848E-04	0.426648		5.1614E-04	0.473850		6.3591E-04	0.434182			5.2271E-04	0.432188			7.4841E-04	0.450138	5.3562E-04
0.496897	4.8895E-04	0.498670	3.6776e-04	0.544764		5.1614E-04	0.507756		4.3733E-04	0.506648		4.1324E-04	0.553850		4.3420E-04	0.514182			5.4822E-04	0.512188			6.9640E-04	0.530138	5.2009E-04
0.576897	4.5268E-04	0.578670	2.8630E-04	0.624764		4.2142E-04	0.587756		3.8766E-04	0.586648		4.3733E-04	0.633850		4.4354E-04	0.594182			5.5071E-04	0.592188			6.6633E-04	0.610138	6.8851E-04
0.656897	4.0489E-04	0.658670	2.1867E-04	0.704764		3.6961E-04	0.667756		3.6961E-04	0.666648		4.4507E-04	0.713850		4.5569E-04	0.674182			5.4196E-04	0.672188			8.3879E-04	0.690138	7.6377E-04
0.736897	3.3059E-04	0.738670	1.7336E-04	0.784764		3.3059E-04	0.747756		3.3059E-04	0.746648		4.5268E-04	0.793850		4.6606E-04	0.754182			5.3562E-04	0.752188			8.7075E-04	0.770138	7.2993E-04
0.816897	2.6136E-04	0.818670	1.3830E-04	0.864764		2.8632E-04	0.827756		3.0254E-04	0.826648		4.5868E-04	0.873850		4.7478E-04	0.834182			4.9589E-04	0.832188			8.2234E-04	0.850138	7.0129E-04
0.896897	2.3376E-04	0.898670	1.2259E-04	0.944764		2.0245E-04	0.907756		2.6136E-04	0.904764		3.5065E-04	0.953850		2.4767E-04	0.913850			4.0489E-04	0.912188			5.2402E-04	0.930138	6.1848E-04
0.976897	3.0924E-04	0.978670	1.0454E-04	1.024764		1.6530E-04	0.987756		2.0245E-04	0.986648		2.7411E-04	1.033850		4.5117E-05	0.994182			2.8868E-04	0.992188			3.6025E-04	1.010138	1.9904E-04
1.056897	3.8765E-04	1.058670	9.0536e-05	1.104764		5.7854E-05	1.067756		1.1688E-04	1.066648		0.0037		1.113850		0.0021		1.074182			2.9799E-04	1.072188			3.9809E-05		1.090138	0.0031
1.136897	6.7650E-04	1.138670	2.0908E-04	1.184764		0.0011		1.147756		0.0012		1.146648		0.0021		1.193850		0.0016		1.154182			0.0023		1.152188			0.0034		1.170138	0.0017
1.216897	8.0130E-04	1.218670	6.1405E-04	1.264764		6.4019E-04	1.227756		9.7441E-04	1.226648		0.0011		1.273850		8.9799E-04	1.234182			0.0013		1.232188			0.0022		1.250138	0.0016
1.296897	6.0588E-04	1.298670	5.7972E-04	1.344764		6.5077E-04	1.307756		6.3483E-04	1.306648		6.7042E-04	1.343850		6.0734E-04	1.314182			7.9273E-04	1.312188			0.0014		1.330138	9.3505E-04
1.376897	5.3562E-04	1.378670	5.1746E-04	1.424764		6.7144E-04	1.387756		2.7411E-04	1.386648		4.9451E-04	1.423850		5.2271E-04	1.394182			6.2943E-04	1.392188			8.4285E-04	1.410138	5.9022E-04
1.456897	4.9589E-04	1.458670	4.6165E-04	1.504764		6.5600E-04	1.467756		4.6460E-04	1.466648		3.7693E-04	1.503850		5.0948E-04	1.474182			4.8192E-04	1.472188			6.6222E-04	1.490138	5.9598E-04
1.536897	4.3733E-04	1.538670	3.7693E-04	1.584764		5.4822E-04	1.547756		4.7478E-04	1.546648		4.2786E-04	1.583850		4.2142E-04	1.554182			4.5419E-04	1.552188			5.8441E-04	1.570138	9.1280E-04
1.616897	3.0924E-04	1.618670	3.0294e-04	1.664764		4.0753E-04	1.627756		4.8895E-04	1.626648		5.2791E-04	1.663850		4.0489E-04	1.634182			6.7144E-04	1.632188			6.7144E-04	1.650138	8.1817E-04
1.696897	2.6653E-04	1.698670	2.9799e-04	1.744764		3.6961E-04	1.707756		4.6016E-04	1.706648		5.1481E-04	1.743850		3.8765E-04	1.714182			7.9703E-04	1.712188			6.8453E-04	1.730138	0.0011
1.776897	2.8391E-04	1.778670	2.4794E-04	1.824764		3.0924E-04	1.787756		4.0489E-04	1.786648		4.5886E-04	1.823850		3.7874E-04	1.794182			8.0974E-04	1.792188			8.6682E-04	1.810138	0.0023
1.856897	2.9799E-04	1.858670	6.4019E-05	1.904764		2.7411E-04	1.867756		3.6961E-04	1.866648		3.7693E-04	1.903850		3.6961E-04	1.874182			6.2943E-04	1.872188			6.4019E-04	1.890138	0.0014
1.936897	3.1795E-04	1.938670	8.2648E-05	1.984764		1.6530E-04	1.947756		2.9799E-04	1.946648		2.4517E-04	1.983850		1.2804E-04	1.954182			2.0245E-04	1.952188			2.3667E-04	1.970138	1.2259E-04






