0.032188			4.0489E-04
0.112188			0.0038
0.192188			0.0025		
0.272188			0.0017
0.352188			0.0012	
0.432188			6.5600E-04
0.512188			6.6118E-04
0.592188			6.4019E-04
0.672188			6.1293E-04	
0.752188			5.9598E-04
0.832188			6.6428E-04
0.912188			5.4822E-04	
0.992188			5.2271E-04	
1.072188			0.0052		
1.152188			0.0033		
1.232188			0.0023		
1.312188			0.0013	
1.392188			6.5287E-04
1.472188			6.6222E-04	
1.552188			5.8441E-04
1.632188			6.7144E-04
1.712188			6.8453E-04
1.792188			6.9247E-04
1.872188			6.9640E-04
1.952188			7.0032E-04



