0.050138			3.7874E-04
0.130138			0.0069		
0.210138			6.9148E-04
0.290138			7.3923E-04	
0.370138			7.8407E-04	
0.450138			5.3562E-04
0.530138			5.2009E-04		
0.610138			5.1082E-04
0.690138			7.8407E-04	
0.770138			7.1096E-04	
0.850138			6.6325E-04	
0.930138			6.4042E-04
1.010138			6.2943E-04	
1.090138			0.0020
1.170138			9.0536E-04
1.250138			9.7790E-04		
1.330138			8.6839E-04	
1.410138			5.9022E-04	
1.490138			5.9598E-04	
1.570138			7.5748E-04	
1.650138			7.3923E-04
1.730138			8.8244E-04
1.810138			8.2648E-04	
1.890138			8.4285E-04
1.970138			5.0948E-04	
	








		
















